image_00000 226 270 246 301
image_00001 227 268 245 301
image_00002 226 266 246 301
image_00003 229 266 247 303
image_00004 228 264 246 303
image_00005 227 262 249 304
image_00006 228 260 247 299
image_00007 226 261 248 302
image_00008 225 259 249 301
image_00009 226 255 249 299
image_00010 226 258 250 299
image_00011 225 256 251 302
image_00012 225 252 248 299
image_00013 226 253 249 303
image_00014 225 249 249 301
image_00015 228 249 251 304
image_00016 229 249 252 299
image_00017 230 252 252 303
image_00018 228 245 254 295
image_00019 225 241 259 299
image_00020 223 237 261 306
image_00021 223 240 262 306
image_00022 223 239 265 305
image_00023 222 241 262 303
image_00024 224 242 261 306
image_00025 224 241 264 304
image_00026 224 241 262 304
image_00027 223 241 262 304
image_00028 222 240 262 306
image_00029 221 244 264 304
image_00030 222 247 264 303
image_00031 222 246 264 303
image_00032 223 245 263 306
image_00033 238 245 262 306
image_00034 241 241 262 306
image_00035 242 243 261 306
image_00036 241 247 262 306
image_00037 240 250 264 306
image_00038 241 247 265 308
image_00039 242 249 270 310
image_00040 243 249 272 301
image_00041 241 250 269 307
image_00042 241 252 271 311
image_00043 239 248 270 308
image_00044 242 241 271 304
image_00045 241 241 272 301
image_00046 244 239 271 300
image_00047 243 238 272 301
image_00048 249 240 271 280
image_00049 246 239 270 278
image_00050 245 239 271 277
image_00051 250 239 272 271
image_00052 254 239 270 272
image_00053 252 241 271 270
image_00054 250 239 272 269
image_00055 251 240 273 272
image_00056 249 239 271 272
image_00057 251 239 273 270
image_00058 254 239 270 265
image_00059 255 240 270 265
image_00060 255 240 268 266
image_00061 252 237 271 270
image_00062 253 239 267 263
image_00063 253 238 267 266
